114
12.6
108
8.0
47.6
22.0
39.0
3.0
67.6
53.0
42.0
32.0
23.3
31.0
19.3
3.6
34.6
39.0
36.6
34.0
16.3
3.3
26.0
3.0
17.0
18.0
14.3
10.6
19.0
82.6
101
27.3
97.6
7.3
46.0
24.3
25.0
13.6
66.6
34.3
49.3
39.3
30.3
4.6
5.0
5.0
17.6
30.3
40.3
26.3
1.6
5.0
25.6
0.6
22.6
17.0
5.3
18.0
16.6
44.3
38.0
31.6
106
5.3
46.3
23.3
38.0
3.0
74.0
30.3
55.0
48.0
10.3
6.0
5.0
5.3
18.6
32.3
39.0
27.0
2.6
3.6
26.0
15.3
7.3
14.0
21.0
4.0
19.0
40.6
46.0
39.0
63.0
13.3
41.0
33.3
29.0
4.3
69.3
45.6
45.0
49.0
10.6
1.3
7.0
5.6
28.0
41.3
39.0
9.6
2.6
3.0
27.6
15.0
9.0
10.3
22.3
2.0
25.0
57.0
37.3
36.6
24.3
31.6
23.3
30.0
30.0
41.0
56.6
41.3
49.0
33.0
5.0
5.6
5.0
5.0
34.6
39.6
36.0
8.0
1.3
10.3
17.6
20.6
15.6
26.6
3.0
21.0
63.3
40.3
36.0
25.3
28.3
26.3
26.0
27.6
39.3
62.0
41.6
44.6
34.3
4.3
5.6
5.6
19.6
33.6
39.0
23.0
3.3
3.6
22.3
6.6
20.6
14.3
20.3
3.6
19.3
46.3
30.6
39.3
64.6
12.6
40.6
33.3
26.6
5.0
72.0
48.0
50.3
46.6
13.3
1.3
7.3
2.6
21.3
30.6
41.3
24.6
3.3
4.3
26.6
13.3
9.3
13.6
20.0
5.6
20.3
38.3
40.6
26.6
96.3
7.0
47.0
24.6
35.6
3.6
74.6
38.3
56.0
48.0
17.3
1.3
8.0
6.0
23.6
37.0
39.6
16.0
1.0
5.6
26.3
22.3
15.0
23.6
5.3
18.6
57.3
37.0
38.6
54.6
12.0
43.0
29.6
27.6
12.0
65.3
59.6
47.3
36.6
5.6
6.3
5.0
5.0
42.6
42.0
33.0
3.0
3.3
25.0
20.0
17.6
5.3
21.6
13.6
8.0
57.6
39.6
27.0
12.0
10.3
42.0
30.0
26.3
4.0
71.6
27.3
54.3
35.6
29.0
5.3
6.0
6.3
4.6
42.6
38.6
34.3
3.3
4.0
29.0
3.6
19.0
15.0
18.3
7.3
17.6
33.0
41.3
40.6
36.6
