14
29
10
23
24
24
24
28
27
28
31
31
31
31
30
31
31
31
30
30
31
33
33
30
30
31
33
34
33
33
35
42
13
23
24
26
23
26
25
29
30
30
30
30
30
30
31
31
31
31
31
31
31
31
31
31
30
29
29
30
32
31
12
22
23
26
26
26
25
29
29
29
29
29
29
29
30
31
31
31
31
31
31
32
32
32
34
33
33
33
35
36
20
25
26
25
25
28
27
31
30
30
30
30
30
31
32
32
32
32
32
32
32
33
33
33
34
34
34
35
32
31
23
22
24
25
26
25
29
29
29
29
29
30
30
30
29
30
30
30
30
30
30
30
31
33
32
32
32
31
30
24
22
24
25
26
29
31
28
28
29
29
29
29
30
31
31
31
30
30
30
30
31
31
33
33
33
34
35
35
20
22
23
25
25
28
28
29
29
29
29
29
29
29
30
31
31
30
30
30
30
30
31
31
33
33
33
34
36
35
14
22
23
26
27
27
25
29
29
30
30
30
30
30
31
30
31
31
31
31
31
31
32
33
34
33
33
36
36
20
22
23
25
26
28
26
28
28
28
29
29
29
30
30
30
30
30
30
30
30
31
32
33
33
33
33
36
31
23
24
24
26
27
27
25
29
29
30
29
30
30
30
30
30
30
31
30
30
31
31
31
31
33
33
33
33
34
36
36
