146
151
112
4.0
16.0
0.0
2.0
8.0
14.0
188
90.0
2.0
12.0
5.0
3.0
26.0
117
6.0
12.0
33.0
18.0
24.0
5.0
79.0
6.0
0.0
4.0
22.0
146
116
8.0
65.0
30.0
56.0
42.0
38.0
42.0
38.0
39.0
29.0
3.0
7.0
84.0
3.0
0.0
12.0
39.0
9.0
2.0
2.0
16.0
84.0
15.0
35.0
37.0
35.0
33.0
34.0
38.0
27.0
34.0
9.0
1.0
4.0
52.0
2.0
0.0
4.0
54.0
6.0
15.0
0.0
3.0
1.0
6.0
55.0
19.0
0.0
4.0
48.0
1.0
3.0
51.0
15.0
5.0
2.0
2.0
9.0
41.0
15.0
4.0
106
150
130
129
47.0
46.0
36.0
38.0
35.0
156
26.0
6.0
3.0
9.0
30.0
103
5.0
4.0
16.0
46.0
6.0
21.0
13.0
69.0
6.0
0.0
3.0
33.0
170
32.0
0.0
88.0
45.0
58.0
56.0
45.0
46.0
40.0
52.0
31.0
3.0
15.0
0.0
4.0
0.0
9.0
0.0
9.0
3.0
7.0
1.0
0.0
57.0
28.0
45.0
36.0
38.0
39.0
40.0
41.0
33.0
2.0
7.0
0.0
2.0
8.0
0.0
8.0
40.0
33.0
2.0
9.0
46.0
10.0
7.0
43.0
1.0
1.0
4.0
61.0
10.0
1.0
1.0
8.0
43.0
16.0
5.0
92.0
34.0
55.0
37.0
36.0
42.0
41.0
39.0
31.0
185
138
33.0
13.0
6.0
3.0
26.0
104
12.0
3.0
38.0
25.0
26.0
5.0
79.0
8.0
0.0
2.0
9.0
144
67.0
0.0
93.0
24.0
73.0
44.0
55.0
45.0
44.0
48.0
39.0
3.0
15.0
1.0
2.0
0.0
7.0
1.0
11.0
0.0
4.0
8.0
0.0
0.0
53.0
30.0
45.0
45.0
36.0
37.0
41.0
44.0
31.0
3.0
10.0
0.0
3.0
13.0
0.0
2.0
43.0
36.0
3.0
6.0
48.0
14.0
5.0
42.0
0.0
1.0
23.0
38.0
7.0
1.0
5.0
30.0
9.0
19.0
4.0
94.0
22.0
58.0
39.0
37.0
44.0
38.0
40.0
30.0
185
141
27.0
7.0
5.0
4.0
27.0
107
7.0
3.0
41.0
18.0
27.0
3.0
82.0
7.0
0.0
2.0
9.0
151
64.0
1.0
88.0
26.0
75.0
34.0
54.0
50.0
41.0
49.0
38.0
3.0
15.0
1.0
0.0
3.0
8.0
1.0
11.0
0.0
4.0
13.0
0.0
1.0
59.0
35.0
37.0
38.0
39.0
40.0
36.0
43.0
28.0
1.0
12.0
1.0
2.0
10.0
1.0
0.0
41.0
39.0
3.0
0.0
23.0
18.0
18.0
0.0
30.0
15.0
1.0
1.0
17.0
48.0
7.0
1.0
3.0
29.0
18.0
15.0
6.0
126
42.0
40.0
43.0
30.0
48.0
23.0
48.0
22.0
184
114
8.0
14.0
5.0
4.0
25.0
114
4.0
16.0
53.0
2.0
26.0
4.0
77.0
9.0
1.0
1.0
10.0
152
50.0
0.0
88.0
22.0
71.0
43.0
54.0
44.0
40.0
43.0
39.0
3.0
12.0
0.0
3.0
14.0
0.0
3.0
7.0
3.0
1.0
3.0
1.0
32.0
41.0
39.0
32.0
34.0
28.0
55.0
21.0
51.0
22.0
3.0
8.0
0.0
2.0
3.0
3.0
0.0
28.0
33.0
12.0
8.0
44.0
0.0
14.0
4.0
39.0
3.0
1.0
6.0
61.0
10.0
0.0
2.0
0.0
8.0
36.0
2.0
17.0
3.0
68.0
49.0
59.0
23.0
54.0
30.0
46.0
38.0
36.0
40.0
174
79.0
1.0
12.0
8.0
25.0
59.0
59.0
4.0
16.0
61.0
15.0
8.0
61.0
13.0
7.0
2.0
8.0
81.0
139
10.0
40.0
60.0
54.0
49.0
56.0
36.0
61.0
24.0
68.0
22.0
3.0
8.0
3.0
0.0
3.0
1.0
7.0
0.0
12.0
0.0
6.0
4.0
1.0
53.0
23.0
47.0
35.0
38.0
38.0
39.0
41.0
32.0
2.0
8.0
0.0
2.0
9.0
1.0
4.0
44.0
31.0
2.0
7.0
45.0
18.0
4.0
40.0
1.0
1.0
24.0
31.0
9.0
1.0
7.0
33.0
4.0
16.0
23.0
95.0
47.0
31.0
49.0
20.0
62.0
23.0
48.0
35.0
192
95.0
1.0
14.0
4.0
4.0
58.0
74.0
3.0
14.0
59.0
9.0
9.0
72.0
1.0
13.0
3.0
8.0
100
111
5.0
71.0
42.0
65.0
29.0
72.0
24.0
62.0
37.0
48.0
20.0
0.0
13.0
1.0
3.0
0.0
12.0
0.0
8.0
1.0
5.0
11.0
1.0
30.0
33.0
41.0
35.0
45.0
25.0
50.0
14.0
54.0
20.0
1.0
9.0
0.0
2.0
11.0
1.0
10.0
40.0
32.0
2.0
8.0
48.0
19.0
0.0
19.0
28.0
1.0
5.0
63.0
11.0
1.0
1.0
8.0
45.0
17.0
1.0
15.0
106
45.0
28.0
44.0
26.0
53.0
18.0
48.0
38.0
196
99.0
1.0
15.0
4.0
10.0
25.0
70.0
51.0
3.0
16.0
40.0
6.0
27.0
1.0
6.0
73.0
7.0
0.0
11.0
12.0
161
53.0
0.0
68.0
5.0
73.0
44.0
57.0
51.0
43.0
41.0
46.0
4.0
0.0
18.0
1.0
2.0
5.0
4.0
0.0
13.0
3.0
12.0
1.0
0.0
60.0
27.0
41.0
45.0
39.0
39.0
39.0
42.0
26.0
2.0
8.0
0.0
2.0
11.0
0.0
4.0
41.0
34.0
2.0
7.0
43.0
10.0
8.0
40.0
1.0
2.0
14.0
52.0
12.0
1.0
1.0
25.0
14.0
30.0
4.0
109
44.0
39.0
40.0
33.0
46.0
24.0
47.0
20.0
179
122
12.0
12.0
5.0
5.0
20.0
111
4.0
14.0
50.0
7.0
26.0
11.0
75.0
8.0
1.0
2.0
27.0
158
43.0
0.0
88.0
45.0
49.0
55.0
44.0
53.0
36.0
64.0
23.0
3.0
13.0
0.0
3.0
1.0
13.0
0.0
13.0
1.0
4.0
9.0
0.0
34.0
39.0
41.0
36.0
42.0
28.0
49.0
21.0
51.0
24.0
7.0
1.0
0.0
2.0
8.0
0.0
11.0
56.0
23.0
1.0
7.0
40.0
6.0
13.0
38.0
4.0
2.0
5.0
63.0
9.0
0.0
2.0
16.0
27.0
17.0
5.0
109
25.0
43.0
43.0
38.0
39.0
31.0
41.0
27.0
192
130
14.0
11.0
5.0
4.0
26.0
105
8.0
3.0
16.0
56.0
1.0
29.0
56.0
21.0
13.0
2.0
1.0
8.0
57.0
149
10.0
46.0
58.0
57.0
51.0
54.0
36.0
59.0
23.0
62.0
18.0
3.0
14.0
0.0
1.0
2.0
9.0
0.0
11.0
3.0
2.0
0.0
12.0
1.0
3.0
45.0
39.0
37.0
40.0
41.0
42.0
31.0
53.0
23.0
2.0
7.0
1.0
1.0
10.0
0.0
1.0
39.0
38.0
2.0
9.0
40.0
1.0
19.0
19.0
29.0
1.0
5.0
68.0
13.0
0.0
3.0
9.0
38.0
2.0
17.0
55.0
65.0
51.0
26.0
54.0
25.0
49.0
35.0
37.0
39.0
