13
22
29
30
30
30
30
30
30
14
22
24
24
25
26
25
26
25
24
24
25
25
25
25
29
28
28
28
29
29
31
31
31
31
31
31
32
32
32
32
32
32
32
31
30
30
30
31
31
31
31
31
30
30
30
30
30
31
31
31
31
31
31
31
31
33
33
33
33
31
31
31
31
31
31
31
31
30
30
30
32
31
32
33
33
33
33
33
33
33
32
32
34
40
41
32
31
31
31
32
19
24
24
25
25
25
23
25
24
23
23
25
24
24
24
28
28
28
28
26
28
29
29
28
29
29
30
29
28
28
29
29
29
29
29
29
29
29
29
30
30
30
30
30
29
29
29
30
30
30
29
29
30
30
30
30
30
30
30
30
30
30
30
30
31
31
31
33
33
33
33
33
32
32
32
32
32
33
33
34
35
36
36
36
36
36
36
8
20
27
22
23
24
23
23
25
26
26
26
27
26
26
26
25
25
25
25
28
29
29
29
29
29
29
29
29
29
29
29
29
30
30
30
30
30
30
30
30
30
30
30
30
30
31
31
31
31
31
31
31
31
31
31
31
31
31
31
31
31
31
31
32
31
31
31
34
34
34
34
34
34
34
34
34
34
34
34
36
36
37
37
37
38
38
38
9
20
20
22
22
23
22
23
26
26
25
26
26
25
25
26
25
25
25
25
28
29
29
30
30
30
30
30
29
30
30
30
30
30
30
30
30
30
30
31
31
30
31
31
31
31
31
31
32
32
32
31
31
32
32
32
32
32
32
32
32
32
32
32
32
32
32
32
32
33
35
35
35
34
35
34
34
34
34
34
34
34
33
32
32
32
32
32
32
32
13
22
22
22
22
23
22
23
25
24
24
26
26
25
25
26
26
26
25
26
28
30
30
30
29
29
29
30
29
29
30
30
30
30
30
30
30
30
30
31
30
30
30
30
31
30
30
30
31
31
31
31
31
31
31
31
31
31
31
31
31
31
32
32
32
31
31
32
31
34
34
34
34
34
34
34
34
34
34
34
34
34
34
36
37
36
37
37
37
33
32
32
16
23
22
22
22
22
23
24
25
25
24
25
25
25
27
28
28
28
28
28
29
29
29
29
30
30
29
28
29
29
29
29
29
29
29
29
30
30
30
30
30
30
30
30
30
31
30
31
31
31
31
31
31
31
31
31
31
31
31
31
31
31
32
32
32
32
32
32
35
35
34
34
35
34
34
34
34
34
34
35
36
36
36
36
36
33
32
32
14
20
23
23
23
24
23
25
27
25
25
26
26
26
29
29
26
26
26
30
30
30
29
29
29
29
29
29
29
30
30
30
30
30
30
30
30
30
30
31
31
30
30
30
30
31
31
31
31
31
32
31
31
31
31
31
31
31
31
31
31
31
32
32
32
31
31
31
32
34
34
33
34
34
34
33
34
34
34
34
34
37
37
37
37
37
38
38
38
13
22
25
25
25
26
23
22
24
25
25
25
25
26
25
25
25
28
28
28
28
28
28
29
29
29
29
29
29
30
30
29
29
29
29
29
29
29
29
29
29
29
30
30
31
31
31
31
30
31
31
31
31
31
31
31
31
31
31
31
31
31
31
31
31
31
31
32
32
32
33
33
33
34
34
34
34
34
34
34
33
33
36
36
36
36
36
37
37
37
12
24
23
22
23
24
23
23
26
26
26
27
27
26
26
27
26
26
25
27
28
29
29
29
29
29
29
29
29
29
30
30
30
30
30
30
30
30
30
31
31
30
30
30
31
31
31
31
31
31
32
31
31
31
31
31
31
31
31
31
32
32
32
32
32
31
31
31
34
35
35
34
35
34
34
34
35
34
34
34
36
36
37
37
37
37
37
37
10
21
22
22
22
23
23
23
26
26
26
26
27
27
27
28
29
26
26
26
26
27
29
29
29
29
29
29
29
29
29
29
30
30
30
30
30
30
30
30
30
31
30
30
30
30
30
30
31
31
31
31
31
31
31
32
32
32
32
32
32
32
32
32
32
32
32
32
32
32
32
32
34
33
33
34
34
34
34
34
34
34
34
35
36
36
37
37
37
37
37
37
