223
113
61.0
24.0
12.0
3.0
0.0
10.0
7.0
207
118
10.0
13.0
6.0
4.0
26.0
128
4.0
16.0
55.0
4.0
30.0
24.0
69.0
6.0
1.0
2.0
47.0
136
123
25.0
49.0
44.0
42.0
45.0
43.0
40.0
26.0
52.0
25.0
2.0
14.0
4.0
92.0
5.0
0.0
10.0
62.0
10.0
1.0
2.0
9.0
89.0
35.0
41.0
36.0
34.0
38.0
33.0
54.0
21.0
52.0
18.0
2.0
7.0
55.0
3.0
9.0
35.0
11.0
27.0
1.0
3.0
7.0
51.0
1.0
18.0
6.0
52.0
2.0
0.0
6.0
54.0
16.0
7.0
3.0
6.0
51.0
4.0
24.0
51.0
215
167
126
67.0
24.0
49.0
24.0
50.0
33.0
212
124
15.0
15.0
6.0
5.0
29.0
122
4.0
11.0
42.0
14.0
29.0
12.0
69.0
8.0
1.0
2.0
9.0
114
106
3.0
68.0
46.0
65.0
27.0
77.0
28.0
68.0
26.0
61.0
25.0
0.0
15.0
0.0
3.0
8.0
2.0
1.0
14.0
3.0
15.0
1.0
0.0
62.0
24.0
56.0
25.0
48.0
42.0
42.0
39.0
35.0
5.0
10.0
1.0
0.0
2.0
7.0
5.0
16.0
48.0
22.0
8.0
39.0
5.0
23.0
20.0
34.0
1.0
3.0
62.0
14.0
1.0
2.0
7.0
40.0
5.0
11.0
5.0
109
19.0
49.0
40.0
41.0
43.0
38.0
43.0
26.0
147
186
82.0
1.0
18.0
6.0
1.0
29.0
124
5.0
0.0
17.0
56.0
12.0
5.0
5.0
79.0
7.0
0.0
4.0
13.0
112
110
0.0
85.0
25.0
76.0
26.0
74.0
38.0
50.0
44.0
44.0
9.0
0.0
16.0
0.0
3.0
1.0
15.0
0.0
12.0
1.0
8.0
12.0
0.0
28.0
43.0
43.0
45.0
40.0
34.0
51.0
31.0
47.0
21.0
2.0
8.0
1.0
1.0
17.0
0.0
6.0
51.0
32.0
2.0
10.0
38.0
19.0
7.0
47.0
1.0
2.0
13.0
54.0
10.0
1.0
2.0
14.0
33.0
12.0
17.0
88.0
33.0
62.0
28.0
47.0
34.0
40.0
43.0
45.0
38.0
201
98.0
5.0
11.0
5.0
4.0
22.0
84.0
44.0
5.0
13.0
48.0
5.0
30.0
3.0
71.0
12.0
6.0
2.0
11.0
70.0
136
10.0
47.0
43.0
45.0
53.0
64.0
38.0
62.0
20.0
69.0
29.0
1.0
0.0
14.0
1.0
0.0
4.0
12.0
0.0
10.0
0.0
6.0
14.0
2.0
2.0
0.0
65.0
26.0
65.0
31.0
42.0
42.0
34.0
44.0
27.0
2.0
9.0
0.0
0.0
7.0
9.0
0.0
1.0
40.0
39.0
5.0
0.0
27.0
14.0
16.0
0.0
29.0
28.0
1.0
1.0
23.0
40.0
9.0
0.0
7.0
26.0
17.0
19.0
7.0
108
49.0
35.0
48.0
33.0
46.0
34.0
57.0
25.0
197
135
25.0
13.0
4.0
6.0
27.0
109
12.0
3.0
36.0
27.0
26.0
4.0
77.0
8.0
1.0
1.0
7.0
138
75.0
0.0
90.0
30.0
75.0
28.0
66.0
41.0
53.0
46.0
46.0
6.0
0.0
15.0
1.0
3.0
1.0
14.0
1.0
12.0
1.0
8.0
12.0
0.0
23.0
45.0
49.0
46.0
45.0
33.0
53.0
26.0
55.0
16.0
2.0
6.0
1.0
2.0
6.0
5.0
9.0
55.0
26.0
3.0
27.0
11.0
23.0
1.0
36.0
22.0
1.0
3.0
65.0
10.0
1.0
2.0
9.0
49.0
10.0
4.0
101
19.0
57.0
43.0
37.0
41.0
49.0
38.0
40.0
153
185
77.0
0.0
12.0
8.0
1.0
25.0
74.0
50.0
4.0
16.0
47.0
2.0
22.0
3.0
72.0
4.0
7.0
2.0
8.0
116
100
4.0
52.0
26.0
61.0
38.0
75.0
28.0
61.0
40.0
52.0
18.0
16.0
1.0
0.0
4.0
12.0
1.0
9.0
1.0
5.0
8.0
5.0
1.0
57.0
25.0
56.0
32.0
48.0
44.0
37.0
51.0
34.0
1.0
8.0
2.0
0.0
2.0
12.0
1.0
12.0
50.0
24.0
1.0
19.0
22.0
22.0
4.0
43.0
2.0
3.0
52.0
14.0
6.0
2.0
9.0
39.0
1.0
20.0
20.0
108
44.0
33.0
53.0
29.0
47.0
22.0
49.0
33.0
185
137
41.0
15.0
7.0
5.0
23.0
92.0
22.0
5.0
44.0
24.0
27.0
0.0
13.0
67.0
8.0
0.0
2.0
24.0
167
38.0
0.0
97.0
34.0
60.0
43.0
52.0
48.0
49.0
53.0
36.0
4.0
16.0
1.0
2.0
13.0
0.0
1.0
11.0
2.0
2.0
15.0
1.0
15.0
48.0
47.0
35.0
48.0
43.0
50.0
25.0
53.0
20.0
3.0
5.0
0.0
2.0
10.0
12.0
9.0
49.0
25.0
2.0
10.0
44.0
5.0
11.0
6.0
47.0
1.0
1.0
1.0
4.0
73.0
11.0
1.0
2.0
9.0
35.0
39.0
5.0
103
16.0
54.0
37.0
37.0
41.0
43.0
38.0
34.0
192
91.0
9.0
13.0
9.0
5.0
53.0
87.0
3.0
1.0
16.0
58.0
10.0
14.0
74.0
12.0
9.0
2.0
1.0
11.0
57.0
149
10.0
43.0
58.0
51.0
55.0
57.0
33.0
67.0
25.0
71.0
27.0
4.0
11.0
0.0
3.0
13.0
0.0
9.0
1.0
6.0
11.0
8.0
31.0
43.0
43.0
45.0
40.0
35.0
50.0
26.0
53.0
15.0
3.0
2.0
5.0
0.0
3.0
15.0
2.0
1.0
37.0
40.0
10.0
9.0
41.0
1.0
11.0
7.0
48.0
1.0
2.0
42.0
19.0
9.0
2.0
11.0
35.0
9.0
18.0
7.0
119
29.0
46.0
44.0
44.0
41.0
26.0
47.0
26.0
173
155
65.0
6.0
10.0
4.0
1.0
0.0
27.0
117
5.0
0.0
34.0
36.0
25.0
0.0
17.0
75.0
6.0
0.0
12.0
12.0
94.0
121
7.0
65.0
45.0
64.0
37.0
67.0
29.0
62.0
21.0
64.0
25.0
1.0
9.0
1.0
2.0
0.0
10.0
1.0
16.0
0.0
8.0
13.0
1.0
36.0
41.0
44.0
34.0
53.0
27.0
60.0
18.0
49.0
24.0
12.0
2.0
0.0
7.0
11.0
1.0
5.0
63.0
28.0
4.0
35.0
8.0
21.0
8.0
41.0
2.0
4.0
65.0
14.0
1.0
2.0
10.0
46.0
14.0
16.0
71.0
33.0
74.0
25.0
53.0
38.0
35.0
42.0
39.0
33.0
207
106
1.0
13.0
5.0
6.0
36.0
115
3.0
16.0
54.0
2.0
33.0
68.0
7.0
7.0
2.0
5.0
81.0
132
8.0
65.0
47.0
56.0
39.0
59.0
30.0
73.0
22.0
67.0
22.0
9.0
4.0
0.0
6.0
12.0
1.0
1.0
8.0
4.0
12.0
0.0
1.0
63.0
30.0
48.0
34.0
42.0
37.0
38.0
50.0
23.0
2.0
9.0
1.0
2.0
9.0
0.0
1.0
42.0
35.0
5.0
7.0
38.0
3.0
21.0
21.0
32.0
2.0
4.0
37.0
28.0
10.0
2.0
7.0
38.0
1.0
17.0
20.0
106
48.0
37.0
47.0
27.0
53.0
20.0
52.0
33.0
