15
25
28
30
31
32
31
31
31
13
21
22
23
23
24
24
23
26
26
26
27
27
27
28
28
27
27
27
29
31
32
31
32
32
33
32
33
33
33
34
34
34
30
29
33
33
33
33
31
31
31
31
31
31
30
31
32
32
32
32
33
33
34
34
34
34
32
31
32
32
33
33
33
33
33
34
34
34
34
35
35
35
35
37
37
36
36
36
36
36
36
34
37
36
39
40
40
40
40
41
12
23
24
24
24
26
25
25
24
23
23
25
24
24
25
28
28
28
28
28
29
32
32
32
33
33
33
29
29
29
29
30
30
30
30
30
30
30
30
30
31
31
30
30
30
31
31
32
32
33
33
28
28
28
28
28
28
28
28
28
29
29
29
29
30
29
29
29
30
32
32
31
32
32
32
32
32
32
32
33
33
31
31
31
32
32
33
33
33
9
15
28
24
24
26
25
25
25
24
24
24
24
25
25
25
25
28
28
28
28
29
29
32
32
32
32
34
33
30
29
28
28
29
29
29
29
29
29
29
29
29
30
30
31
31
31
31
32
32
32
33
33
33
29
30
30
30
30
29
29
30
30
30
30
30
30
30
31
31
31
33
33
33
33
33
34
34
34
33
34
33
33
32
32
32
32
33
33
33
33
34
14
21
25
25
25
26
26
25
24
25
25
25
26
26
26
26
28
29
29
29
29
28
32
32
29
29
29
29
29
29
30
30
31
31
31
31
31
31
31
31
31
31
32
32
31
32
32
32
32
32
32
29
29
29
30
30
30
29
29
30
30
30
30
30
30
30
30
30
30
30
31
31
31
31
32
29
29
29
29
30
29
29
29
30
30
29
29
33
33
33
34
34
35
31
31
11
20
25
25
25
26
25
25
25
25
24
26
25
25
26
30
29
29
29
29
30
32
32
30
30
30
29
30
30
31
31
32
32
32
32
32
32
32
32
32
32
32
32
32
32
33
33
28
28
29
29
29
29
30
29
29
30
30
30
30
30
30
30
31
31
32
32
32
32
32
29
29
29
30
30
30
29
29
30
30
30
32
33
34
34
35
35
31
31
8
17
24
25
25
26
26
26
25
24
25
25
25
26
26
25
25
29
29
28
28
28
32
32
32
32
32
33
32
33
33
29
29
29
29
29
29
29
29
30
30
30
30
30
31
31
31
31
31
32
32
32
33
33
29
28
28
28
28
28
28
28
28
28
28
28
28
29
29
29
29
31
31
31
31
32
32
32
32
32
32
32
32
32
32
32
33
33
33
33
33
12
22
22
24
24
25
25
24
27
27
27
27
24
24
24
24
27
27
27
27
27
32
31
31
32
31
32
32
33
30
30
30
30
30
31
31
31
31
31
31
30
30
31
32
32
32
32
33
33
34
34
34
35
34
29
29
28
28
28
28
28
29
29
29
29
29
29
29
29
29
32
32
32
32
31
32
32
32
32
32
32
33
33
32
31
32
32
32
32
33
33
15
26
23
22
22
23
23
24
26
25
25
26
26
27
27
26
27
26
26
26
26
28
30
30
30
31
31
31
32
32
33
33
29
29
29
29
29
29
29
29
29
29
29
29
29
31
31
31
31
32
32
33
33
34
33
33
33
33
33
33
34
34
34
29
29
29
29
30
29
29
29
31
31
31
31
32
31
31
31
32
32
31
31
32
31
31
32
32
32
32
33
10
18
24
23
23
24
24
24
24
23
27
26
26
27
27
27
27
27
27
27
27
27
27
30
31
30
31
31
31
31
32
32
33
33
29
29
29
29
29
29
29
29
29
30
30
29
30
30
30
30
31
31
32
32
33
33
33
33
33
33
33
33
33
33
33
34
29
29
29
29
30
29
31
31
31
31
31
31
30
31
31
32
32
33
35
31
31
32
32
32
32
32
14
24
24
24
24
25
24
28
27
27
27
28
28
25
27
28
28
27
27
30
31
31
31
32
32
32
32
33
29
29
29
29
29
29
29
30
30
30
30
30
30
30
30
30
31
31
32
32
33
33
33
34
29
28
28
28
28
28
28
28
28
28
29
29
30
30
30
31
32
32
32
31
32
32
32
32
32
32
32
33
31
31
31
32
32
32
32
33
